0.0 0.0
0.1 0.0995657986764
0.2 0.198137596035
0.3 0.294731314232
0.4 0.388382623301
0.5 0.478156568411
0.6 0.563156903853
0.7 0.642535040588
0.8 0.715498518016
0.9 0.781318915396
1.0 0.839339123938
1.1 0.888979906949
1.2 0.92974568257
1.3 0.961229471344
1.4 0.983116959238
1.5 0.99518963556
1.6 0.997326974421
1.7 0.989507637998
1.8 0.971809689547
1.9 0.94440981408
2.0 0.907581554445
2.1 0.861692580457
2.2 0.807201018311
2.3 0.744650876947
2.4 0.674666617011
2.5 0.59794691664
2.6 0.515257696301
2.7 0.42742447234
2.8 0.335324115542
2.9 0.239876097026
3.0 0.142033308822
3.1 0.0427725508132
3.2 -0.0569152210143
3.3 -0.15603478764
3.4 -0.253596602643
3.5 -0.348626671196
3.6 -0.440176273814
3.7 -0.527331437758
3.8 -0.609222061558
3.9 -0.685030601549
4.0 -0.754000233705
4.1 -0.815442409284
4.2 -0.868743728863
4.3 -0.913372066125
4.4 -0.948881880264
4.5 -0.974918663984
4.6 -0.991222482673
4.7 -0.997630569421
4.8 -0.994078949986
4.9 -0.980603081466
5.0 -0.957337498322
5.1 -0.924514469272
5.2 -0.882461678465
5.3 -0.831598954096
5.4 -0.772434077107
5.5 -0.705557711828
5.6 -0.631637509159
5.7 -0.551411441175
5.8 -0.465680433677
5.9 -0.37530037027
6.0 -0.281173547758
6.1 -0.184239668197
6.2 -0.0854664575061
6.3 0.0141599956891
6.4 0.113645084535
6.5 0.211995613468
6.6 0.308229713648
6.7 0.401386645306
6.8 0.490536389157
6.9 0.574788931119
7.0 0.653303147647
7.1 0.725295202966
7.2 0.790046374395
7.3 0.846910227611
7.4 0.895319070235
7.5 0.934789619313
7.6 0.964927826101
7.7 0.98543281
7.8 0.996099862352
7.9 0.99682249012
8.0 0.987593479053
8.1 0.968504965698
8.2 0.939747517578
8.3 0.90160823068
8.4 0.854467863277
8.5 0.798797034675
8.6 0.735151526859
8.7 0.664166735913
8.8 0.586551328635
8.9 0.503080167661
9.0 0.414586575727
9.1 0.321954016316
9.2 0.226107273714
9.3 0.128003220558
9.4 0.0286212650346
9.5 -0.0710464269121
9.6 -0.170004836726
9.7 -0.267266026873
9.8 -0.361859003773
9.9 -0.452839411584
10.0 -0.539298960044
