0.0 0.0
0.2 0.19658759429052505
0.4 0.3853637640972256
0.6000000000000001 0.5588274725407785
0.8 0.7100861246734653
1.0 0.8331294453152899
1.2 0.9230682978404068
1.4 0.9763289544294323
1.5999999999999999 0.9907950984429289
1.7999999999999998 0.9658919164398887
1.9999999999999998 0.9026089384378375
2.1999999999999997 0.8034607188549145
2.4 0.6723869204799783
2.6 0.5145957716425373
2.8000000000000003 0.336357116824935
3.0000000000000004 0.14475328386800412
3.2000000000000006 -0.052602332917409275
3.400000000000001 -0.24786779160947883
3.600000000000001 -0.43328420289284775
3.800000000000001 -0.6014840301738218
4.000000000000001 -0.7457838392624696
4.200000000000001 -0.860449865188554
4.400000000000001 -0.9409258438316738
4.600000000000001 -0.9840140554567596
4.800000000000002 -0.988002386374913
5.000000000000002 -0.9527323599238803
5.200000000000002 -0.8796054335514675
5.400000000000002 -0.7715273117867619
5.600000000000002 -0.6327924878278994
5.8000000000000025 -0.46891360149603656
6.000000000000003 -0.2864023940314815
6.200000000000003 -0.09251096351146132
6.400000000000003 0.10505639787288223
6.600000000000003 0.2984493345103933
6.800000000000003 0.47998336190600027
7.0000000000000036 0.6424452103141582
7.200000000000004 0.7793794446148494
7.400000000000004 0.8853449715674221
7.600000000000004 0.9561312421051055
7.800000000000004 0.988925557853965
8.000000000000004 0.9824248339377886
8.200000000000003 0.9368873771645144
8.400000000000002 0.8541226221836359
8.600000000000001 0.7374192334492281
8.8 0.5914144298631003
9.0 0.42190972449429764
9.2 0.23564040097259253
9.399999999999999 0.04000788643072946
9.599999999999998 -0.1572143448210762
9.799999999999997 -0.3481896509463204
9.999999999999996 -0.5253296122003269
